   Coefficients of polinom: T=K1+K2*(1000.0/R)+...+K7*[(1000.0/R)]**6+... 
__________________________________________________________________________

K1 = 14.700053858628962200
K2 = -214.820982555160299000
K3 = 1465.741299703717230000
K4 = -4634.670244656503200000
K5 = 7810.758536651730540000
K6 = -5887.226479500532150000
K7 = 1924.674827763810750000
__________________________

Òermometr ¹ 4 (D-4-4)
 
Measured   R,Ohm 4807.194 4226.663 3755.845 3432.012 3197.414 3019.383 
Measured   T,K      4.203    5.001    5.997    6.999    8.004    9.011 
Calculated T,K      4.208    4.989    5.993    7.009    8.018    9.016 
Error     DT,mK     5.413  -12.064   -3.936   10.309   13.575    5.094 
__________________________________________________________________________

Measured   R,Ohm 2881.687 2669.148 2453.370 2304.439 2227.816 2081.187 
Measured   T,K      9.997   11.998   14.990   17.995   19.980   24.962 
Calculated T,K      9.986   11.982   14.987   17.997   19.985   24.981 
Error     DT,mK   -10.856  -15.523   -2.661    2.244    5.381   19.047 
__________________________________________________________________________

Measured   R,Ohm 1975.528 1541.767 1115.661 
Measured   T,K     29.951   77.213  295.820 
Calculated T,K     29.934   77.214  295.820 
Error     DT,mK   -16.584    0.571   -0.011 
__________________________________________________________________________

    R,Ohm   T,K      R,Ohm   T,K      R,Ohm   T,K      R,Ohm   T,K     

  4950.00   4.069    4850.00   4.165    4750.00   4.269    4650.00   4.383
  4945.00   4.074    4845.00   4.170    4745.00   4.275    4645.00   4.389
  4940.00   4.079    4840.00   4.175    4740.00   4.280    4640.00   4.395
  4935.00   4.083    4835.00   4.180    4735.00   4.286    4635.00   4.401
  4930.00   4.088    4830.00   4.185    4730.00   4.291    4630.00   4.407
  4925.00   4.092    4825.00   4.190    4725.00   4.297    4625.00   4.413
  4920.00   4.097    4820.00   4.195    4720.00   4.302    4620.00   4.419
  4915.00   4.102    4815.00   4.200    4715.00   4.308    4615.00   4.425
  4910.00   4.107    4810.00   4.206    4710.00   4.313    4610.00   4.431
  4905.00   4.111    4805.00   4.211    4705.00   4.319    4605.00   4.437
  4900.00   4.116    4800.00   4.216    4700.00   4.325    4600.00   4.443
  4895.00   4.121    4795.00   4.221    4695.00   4.330    4595.00   4.450
  4890.00   4.126    4790.00   4.226    4690.00   4.336    4590.00   4.456
  4885.00   4.130    4785.00   4.232    4685.00   4.342    4585.00   4.462
  4880.00   4.135    4780.00   4.237    4680.00   4.348    4580.00   4.468
  4875.00   4.140    4775.00   4.242    4675.00   4.354    4575.00   4.475
  4870.00   4.145    4770.00   4.248    4670.00   4.359    4570.00   4.481
  4865.00   4.150    4765.00   4.253    4665.00   4.365    4565.00   4.488
  4860.00   4.155    4760.00   4.258    4660.00   4.371    4560.00   4.494
  4855.00   4.160    4755.00   4.264    4655.00   4.377    4555.00   4.500

  4550.00   4.507    4270.00   4.916    3990.00   5.439    3710.00   6.117
  4545.00   4.513    4265.00   4.924    3985.00   5.450    3705.00   6.131
  4540.00   4.520    4260.00   4.933    3980.00   5.461    3700.00   6.145
  4535.00   4.526    4255.00   4.941    3975.00   5.471    3695.00   6.159
  4530.00   4.533    4250.00   4.949    3970.00   5.482    3690.00   6.173
  4525.00   4.539    4245.00   4.958    3965.00   5.493    3685.00   6.187
  4520.00   4.546    4240.00   4.966    3960.00   5.504    3680.00   6.201
  4515.00   4.553    4235.00   4.975    3955.00   5.515    3675.00   6.215
  4510.00   4.559    4230.00   4.983    3950.00   5.526    3670.00   6.230
  4505.00   4.566    4225.00   4.992    3945.00   5.537    3665.00   6.244
  4500.00   4.573    4220.00   5.000    3940.00   5.548    3660.00   6.259
  4495.00   4.580    4215.00   5.009    3935.00   5.559    3655.00   6.273
  4490.00   4.586    4210.00   5.018    3930.00   5.570    3650.00   6.288
  4485.00   4.593    4205.00   5.026    3925.00   5.581    3645.00   6.303
  4480.00   4.600    4200.00   5.035    3920.00   5.592    3640.00   6.318
  4475.00   4.607    4195.00   5.044    3915.00   5.604    3635.00   6.332
  4470.00   4.614    4190.00   5.053    3910.00   5.615    3630.00   6.347
  4465.00   4.621    4185.00   5.062    3905.00   5.626    3625.00   6.362
  4460.00   4.628    4180.00   5.070    3900.00   5.638    3620.00   6.378
  4455.00   4.635    4175.00   5.079    3895.00   5.649    3615.00   6.393
  4450.00   4.642    4170.00   5.088    3890.00   5.661    3610.00   6.408
  4445.00   4.649    4165.00   5.097    3885.00   5.673    3605.00   6.423
  4440.00   4.656    4160.00   5.106    3880.00   5.684    3600.00   6.439
  4435.00   4.663    4155.00   5.115    3875.00   5.696    3595.00   6.454
  4430.00   4.670    4150.00   5.125    3870.00   5.708    3590.00   6.470
  4425.00   4.677    4145.00   5.134    3865.00   5.720    3585.00   6.486
  4420.00   4.685    4140.00   5.143    3860.00   5.731    3580.00   6.501
  4415.00   4.692    4135.00   5.152    3855.00   5.743    3575.00   6.517
  4410.00   4.699    4130.00   5.161    3850.00   5.755    3570.00   6.533
  4405.00   4.706    4125.00   5.171    3845.00   5.768    3565.00   6.549
  4400.00   4.714    4120.00   5.180    3840.00   5.780    3560.00   6.565
  4395.00   4.721    4115.00   5.190    3835.00   5.792    3555.00   6.582
  4390.00   4.729    4110.00   5.199    3830.00   5.804    3550.00   6.598
  4385.00   4.736    4105.00   5.209    3825.00   5.816    3545.00   6.614
  4380.00   4.743    4100.00   5.218    3820.00   5.829    3540.00   6.631
  4375.00   4.751    4095.00   5.228    3815.00   5.841    3535.00   6.647
  4370.00   4.759    4090.00   5.237    3810.00   5.854    3530.00   6.664
  4365.00   4.766    4085.00   5.247    3805.00   5.866    3525.00   6.681
  4360.00   4.774    4080.00   5.257    3800.00   5.879    3520.00   6.697
  4355.00   4.781    4075.00   5.266    3795.00   5.892    3515.00   6.714
  4350.00   4.789    4070.00   5.276    3790.00   5.904    3510.00   6.731
  4345.00   4.797    4065.00   5.286    3785.00   5.917    3505.00   6.748
  4340.00   4.804    4060.00   5.296    3780.00   5.930    3500.00   6.766
  4335.00   4.812    4055.00   5.306    3775.00   5.943    3495.00   6.783
  4330.00   4.820    4050.00   5.316    3770.00   5.956    3490.00   6.800
  4325.00   4.828    4045.00   5.326    3765.00   5.969    3485.00   6.818
  4320.00   4.836    4040.00   5.336    3760.00   5.982    3480.00   6.835
  4315.00   4.844    4035.00   5.346    3755.00   5.995    3475.00   6.853
  4310.00   4.851    4030.00   5.356    3750.00   6.009    3470.00   6.871
  4305.00   4.859    4025.00   5.367    3745.00   6.022    3465.00   6.889
  4300.00   4.867    4020.00   5.377    3740.00   6.035    3460.00   6.907
  4295.00   4.875    4015.00   5.387    3735.00   6.049    3455.00   6.925
  4290.00   4.884    4010.00   5.397    3730.00   6.062    3450.00   6.943
  4285.00   4.892    4005.00   5.408    3725.00   6.076    3445.00   6.961
  4280.00   4.900    4000.00   5.418    3720.00   6.089    3440.00   6.980
  4275.00   4.908    3995.00   5.429    3715.00   6.103    3435.00   6.998

  3430.00   7.017    3150.00   8.260    2870.00  10.078    2590.00  12.941
  3425.00   7.036    3145.00   8.287    2865.00  10.118    2585.00  13.007
  3420.00   7.054    3140.00   8.313    2860.00  10.159    2580.00  13.073
  3415.00   7.073    3135.00   8.340    2855.00  10.199    2575.00  13.140
  3410.00   7.092    3130.00   8.367    2850.00  10.240    2570.00  13.207
  3405.00   7.111    3125.00   8.394    2845.00  10.282    2565.00  13.276
  3400.00   7.131    3120.00   8.422    2840.00  10.323    2560.00  13.344
  3395.00   7.150    3115.00   8.449    2835.00  10.365    2555.00  13.414
  3390.00   7.170    3110.00   8.477    2830.00  10.408    2550.00  13.484
  3385.00   7.189    3105.00   8.505    2825.00  10.451    2545.00  13.555
  3380.00   7.209    3100.00   8.533    2820.00  10.494    2540.00  13.626
  3375.00   7.229    3095.00   8.562    2815.00  10.537    2535.00  13.699
  3370.00   7.249    3090.00   8.590    2810.00  10.581    2530.00  13.772
  3365.00   7.269    3085.00   8.619    2805.00  10.625    2525.00  13.845
  3360.00   7.289    3080.00   8.648    2800.00  10.669    2520.00  13.920
  3355.00   7.309    3075.00   8.677    2795.00  10.714    2515.00  13.995
  3350.00   7.330    3070.00   8.707    2790.00  10.760    2510.00  14.071
  3345.00   7.350    3065.00   8.736    2785.00  10.805    2505.00  14.148
  3340.00   7.371    3060.00   8.766    2780.00  10.851    2500.00  14.225
  3335.00   7.392    3055.00   8.796    2775.00  10.898    2495.00  14.303
  3330.00   7.413    3050.00   8.826    2770.00  10.945    2490.00  14.382
  3325.00   7.434    3045.00   8.857    2765.00  10.992    2485.00  14.462
  3320.00   7.455    3040.00   8.887    2760.00  11.040    2480.00  14.543
  3315.00   7.476    3035.00   8.918    2755.00  11.088    2475.00  14.625
  3310.00   7.498    3030.00   8.949    2750.00  11.136    2470.00  14.707
  3305.00   7.519    3025.00   8.981    2745.00  11.185    2465.00  14.790
  3300.00   7.541    3020.00   9.012    2740.00  11.234    2460.00  14.874
  3295.00   7.563    3015.00   9.044    2735.00  11.284    2455.00  14.959
  3290.00   7.585    3010.00   9.076    2730.00  11.334    2450.00  15.045
  3285.00   7.607    3005.00   9.108    2725.00  11.385    2445.00  15.132
  3280.00   7.629    3000.00   9.141    2720.00  11.436    2440.00  15.220
  3275.00   7.651    2995.00   9.173    2715.00  11.488    2435.00  15.308
  3270.00   7.674    2990.00   9.206    2710.00  11.540    2430.00  15.398
  3265.00   7.697    2985.00   9.240    2705.00  11.592    2425.00  15.489
  3260.00   7.719    2980.00   9.273    2700.00  11.645    2420.00  15.580
  3255.00   7.742    2975.00   9.307    2695.00  11.698    2415.00  15.673
  3250.00   7.765    2970.00   9.341    2690.00  11.752    2410.00  15.766
  3245.00   7.789    2965.00   9.375    2685.00  11.807    2405.00  15.860
  3240.00   7.812    2960.00   9.410    2680.00  11.862    2400.00  15.956
  3235.00   7.836    2955.00   9.444    2675.00  11.917    2395.00  16.052
  3230.00   7.859    2950.00   9.479    2670.00  11.973    2390.00  16.150
  3225.00   7.883    2945.00   9.515    2665.00  12.029    2385.00  16.249
  3220.00   7.907    2940.00   9.550    2660.00  12.086    2380.00  16.348
  3215.00   7.931    2935.00   9.586    2655.00  12.144    2375.00  16.449
  3210.00   7.956    2930.00   9.622    2650.00  12.202    2370.00  16.551
  3205.00   7.980    2925.00   9.659    2645.00  12.260    2365.00  16.654
  3200.00   8.005    2920.00   9.695    2640.00  12.319    2360.00  16.758
  3195.00   8.030    2915.00   9.732    2635.00  12.379    2355.00  16.864
  3190.00   8.055    2910.00   9.770    2630.00  12.439    2350.00  16.970
  3185.00   8.080    2905.00   9.807    2625.00  12.500    2345.00  17.078
  3180.00   8.105    2900.00   9.845    2620.00  12.561    2340.00  17.187
  3175.00   8.130    2895.00   9.883    2615.00  12.623    2335.00  17.297
  3170.00   8.156    2890.00   9.922    2610.00  12.685    2330.00  17.408
  3165.00   8.182    2885.00   9.960    2605.00  12.749    2325.00  17.521
  3160.00   8.208    2880.00   9.999    2600.00  12.812    2320.00  17.635
  3155.00   8.234    2875.00  10.039    2595.00  12.877    2315.00  17.750

  2310.00  17.866    2030.00  27.209    1750.00  46.894    1470.00  93.616
  2305.00  17.984    2025.00  27.443    1745.00  47.412    1465.00  94.921
  2300.00  18.103    2020.00  27.680    1740.00  47.938    1460.00  96.250
  2295.00  18.224    2015.00  27.920    1735.00  48.473    1455.00  97.603
  2290.00  18.345    2010.00  28.164    1730.00  49.015    1450.00  98.981
  2285.00  18.469    2005.00  28.411    1725.00  49.566    1445.00  100.384
  2280.00  18.593    2000.00  28.661    1720.00  50.125    1440.00  101.813
  2275.00  18.720    1995.00  28.914    1715.00  50.693    1435.00  103.269
  2270.00  18.847    1990.00  29.171    1710.00  51.270    1430.00  104.751
  2265.00  18.976    1985.00  29.431    1705.00  51.856    1425.00  106.261
  2260.00  19.107    1980.00  29.695    1700.00  52.451    1420.00  107.799
  2255.00  19.239    1975.00  29.963    1695.00  53.055    1415.00  109.366
  2250.00  19.373    1970.00  30.234    1690.00  53.670    1410.00  110.963
  2245.00  19.508    1965.00  30.509    1685.00  54.293    1405.00  112.590
  2240.00  19.645    1960.00  30.787    1680.00  54.927    1400.00  114.247
  2235.00  19.783    1955.00  31.070    1675.00  55.571    1395.00  115.936
  2230.00  19.924    1950.00  31.356    1670.00  56.225    1390.00  117.657
  2225.00  20.065    1945.00  31.647    1665.00  56.889    1385.00  119.412
  2220.00  20.209    1940.00  31.941    1660.00  57.565    1380.00  121.200
  2215.00  20.354    1935.00  32.239    1655.00  58.251    1375.00  123.022
  2210.00  20.501    1930.00  32.542    1650.00  58.948    1370.00  124.880
  2205.00  20.650    1925.00  32.849    1645.00  59.656    1365.00  126.775
  2200.00  20.800    1920.00  33.160    1640.00  60.376    1360.00  128.706
  2195.00  20.953    1915.00  33.475    1635.00  61.108    1355.00  130.675
  2190.00  21.107    1910.00  33.795    1630.00  61.852    1350.00  132.683
  2185.00  21.263    1905.00  34.120    1625.00  62.608    1345.00  134.731
  2180.00  21.421    1900.00  34.449    1620.00  63.376    1340.00  136.820
  2175.00  21.581    1895.00  34.782    1615.00  64.157    1335.00  138.950
  2170.00  21.743    1890.00  35.121    1610.00  64.951    1330.00  141.123
  2165.00  21.907    1885.00  35.464    1605.00  65.758    1325.00  143.340
  2160.00  22.073    1880.00  35.812    1600.00  66.578    1320.00  145.602
  2155.00  22.241    1875.00  36.165    1595.00  67.412    1315.00  147.909
  2150.00  22.411    1870.00  36.523    1590.00  68.260    1310.00  150.264
  2145.00  22.583    1865.00  36.887    1585.00  69.122    1305.00  152.667
  2140.00  22.757    1860.00  37.255    1580.00  69.999    1300.00  155.120
  2135.00  22.934    1855.00  37.629    1575.00  70.890    1295.00  157.624
  2130.00  23.113    1850.00  38.009    1570.00  71.797    1290.00  160.179
  2125.00  23.294    1845.00  38.394    1565.00  72.719    1285.00  162.788
  2120.00  23.477    1840.00  38.784    1560.00  73.656    1280.00  165.452
  2115.00  23.662    1835.00  39.180    1555.00  74.610    1275.00  168.172
  2110.00  23.850    1830.00  39.583    1550.00  75.580    1270.00  170.950
  2105.00  24.041    1825.00  39.991    1545.00  76.567    1265.00  173.787
  2100.00  24.233    1820.00  40.404    1540.00  77.570    1260.00  176.684
  2095.00  24.429    1815.00  40.825    1535.00  78.591    1255.00  179.645
  2090.00  24.626    1810.00  41.251    1530.00  79.630    1250.00  182.669
  2085.00  24.827    1805.00  41.684    1525.00  80.687    1245.00  185.759
  2080.00  25.029    1800.00  42.123    1520.00  81.762    1240.00  188.916
  2075.00  25.235    1795.00  42.568    1515.00  82.856    1235.00  192.143
  2070.00  25.443    1790.00  43.021    1510.00  83.969    1230.00  195.442
  2065.00  25.654    1785.00  43.480    1505.00  85.102    1225.00  198.813
  2060.00  25.867    1780.00  43.946    1500.00  86.254    1220.00  202.260
  2055.00  26.084    1775.00  44.419    1495.00  87.428    1215.00  205.785
  2050.00  26.303    1770.00  44.899    1490.00  88.622    1210.00  209.389
  2045.00  26.525    1765.00  45.387    1485.00  89.837    1205.00  213.075
  2040.00  26.750    1760.00  45.882    1480.00  91.074    1200.00  216.845
  2035.00  26.978    1755.00  46.384    1475.00  92.334    1195.00  220.702

  1190.00  224.649
  1185.00  228.687
  1180.00  232.819
  1175.00  237.049
  1170.00  241.379
  1165.00  245.812
  1160.00  250.352
  1155.00  255.002
  1150.00  259.764
  1145.00  264.643
  1140.00  269.642
  1135.00  274.765
  1130.00  280.015
  1125.00  285.398
  1120.00  290.917
  1115.00  296.576
  1110.00  302.381
  1105.00  308.336
  1100.00  314.446
  1095.00  320.716
  1090.00  327.152
  1085.00  333.759
  1080.00  340.543
  1075.00  347.510
  1070.00  354.668
  1065.00  362.022