   Coefficients of polinom: T=K1+K2*(1000.0/R)+...+K7*[(1000.0/R)]**6+... 
__________________________________________________________________________

K1 = 20.679421968088718100
K2 = -280.888861436396837000
K3 = 1671.654556442052130000
K4 = -4675.643779978156090000
K5 = 6806.919326968491080000
K6 = -4345.597476951777940000
K7 = 1304.663520189002160000
__________________________

Òermometr ¹ 6 (D-4-6)
 
Measured   R,Ohm 4227.674 3762.201 3379.671 3112.899 2918.149 2769.470 
Measured   T,K      4.203    5.001    5.997    6.999    8.004    9.011 
Calculated T,K      4.208    4.989    5.993    7.010    8.018    9.015 
Error     DT,mK     5.139  -11.775   -3.973   11.123   13.928    4.318 
__________________________________________________________________________

Measured   R,Ohm 2653.799 2474.281 2290.914 2163.630 2098.128 1971.940 
Measured   T,K      9.997   11.998   14.990   17.995   19.980   24.962 
Calculated T,K      9.985   11.982   14.987   18.000   19.983   24.984 
Error     DT,mK   -11.794  -16.075   -2.556    4.814    3.298   21.756 
__________________________________________________________________________

Measured   R,Ohm 1880.837 1502.798 1119.806 
Measured   T,K     29.951   77.213  295.820 
Calculated T,K     29.932   77.214  295.820 
Error     DT,mK   -18.903    0.714   -0.015 
__________________________________________________________________________

    R,Ohm   T,K      R,Ohm   T,K      R,Ohm   T,K      R,Ohm   T,K     

  4400.00   4.004    4300.00   4.118    4200.00   4.245    4100.00   4.386
  4395.00   4.009    4295.00   4.124    4195.00   4.251    4095.00   4.393
  4390.00   4.015    4290.00   4.130    4190.00   4.258    4090.00   4.401
  4385.00   4.020    4285.00   4.136    4185.00   4.265    4085.00   4.408
  4380.00   4.026    4280.00   4.142    4180.00   4.272    4080.00   4.416
  4375.00   4.031    4275.00   4.148    4175.00   4.279    4075.00   4.424
  4370.00   4.037    4270.00   4.154    4170.00   4.285    4070.00   4.431
  4365.00   4.042    4265.00   4.161    4165.00   4.292    4065.00   4.439
  4360.00   4.048    4260.00   4.167    4160.00   4.299    4060.00   4.447
  4355.00   4.054    4255.00   4.173    4155.00   4.306    4055.00   4.455
  4350.00   4.059    4250.00   4.179    4150.00   4.313    4050.00   4.462
  4345.00   4.065    4245.00   4.186    4145.00   4.321    4045.00   4.470
  4340.00   4.071    4240.00   4.192    4140.00   4.328    4040.00   4.478
  4335.00   4.076    4235.00   4.199    4135.00   4.335    4035.00   4.486
  4330.00   4.082    4230.00   4.205    4130.00   4.342    4030.00   4.494
  4325.00   4.088    4225.00   4.212    4125.00   4.349    4025.00   4.502
  4320.00   4.094    4220.00   4.218    4120.00   4.357    4020.00   4.510
  4315.00   4.100    4215.00   4.225    4115.00   4.364    4015.00   4.518
  4310.00   4.106    4210.00   4.231    4110.00   4.371    4010.00   4.527
  4305.00   4.112    4205.00   4.238    4105.00   4.379    4005.00   4.535

  4000.00   4.543    3720.00   5.081    3440.00   5.805    3160.00   6.805
  3995.00   4.551    3715.00   5.092    3435.00   5.820    3155.00   6.826
  3990.00   4.560    3710.00   5.103    3430.00   5.835    3150.00   6.847
  3985.00   4.568    3705.00   5.114    3425.00   5.851    3145.00   6.869
  3980.00   4.576    3700.00   5.125    3420.00   5.866    3140.00   6.890
  3975.00   4.585    3695.00   5.137    3415.00   5.881    3135.00   6.912
  3970.00   4.593    3690.00   5.148    3410.00   5.897    3130.00   6.934
  3965.00   4.602    3685.00   5.160    3405.00   5.913    3125.00   6.956
  3960.00   4.611    3680.00   5.171    3400.00   5.928    3120.00   6.978
  3955.00   4.619    3675.00   5.183    3395.00   5.944    3115.00   7.001
  3950.00   4.628    3670.00   5.194    3390.00   5.960    3110.00   7.023
  3945.00   4.637    3665.00   5.206    3385.00   5.976    3105.00   7.046
  3940.00   4.645    3660.00   5.218    3380.00   5.992    3100.00   7.069
  3935.00   4.654    3655.00   5.230    3375.00   6.008    3095.00   7.092
  3930.00   4.663    3650.00   5.242    3370.00   6.024    3090.00   7.115
  3925.00   4.672    3645.00   5.254    3365.00   6.041    3085.00   7.138
  3920.00   4.681    3640.00   5.266    3360.00   6.057    3080.00   7.162
  3915.00   4.690    3635.00   5.278    3355.00   6.074    3075.00   7.185
  3910.00   4.699    3630.00   5.290    3350.00   6.090    3070.00   7.209
  3905.00   4.708    3625.00   5.302    3345.00   6.107    3065.00   7.233
  3900.00   4.717    3620.00   5.314    3340.00   6.124    3060.00   7.257
  3895.00   4.726    3615.00   5.327    3335.00   6.141    3055.00   7.281
  3890.00   4.736    3610.00   5.339    3330.00   6.158    3050.00   7.306
  3885.00   4.745    3605.00   5.352    3325.00   6.175    3045.00   7.330
  3880.00   4.754    3600.00   5.364    3320.00   6.192    3040.00   7.355
  3875.00   4.764    3595.00   5.377    3315.00   6.210    3035.00   7.380
  3870.00   4.773    3590.00   5.390    3310.00   6.227    3030.00   7.405
  3865.00   4.783    3585.00   5.402    3305.00   6.245    3025.00   7.430
  3860.00   4.792    3580.00   5.415    3300.00   6.262    3020.00   7.456
  3855.00   4.802    3575.00   5.428    3295.00   6.280    3015.00   7.482
  3850.00   4.811    3570.00   5.441    3290.00   6.298    3010.00   7.508
  3845.00   4.821    3565.00   5.454    3285.00   6.316    3005.00   7.534
  3840.00   4.831    3560.00   5.467    3280.00   6.334    3000.00   7.560
  3835.00   4.841    3555.00   5.481    3275.00   6.353    2995.00   7.586
  3830.00   4.851    3550.00   5.494    3270.00   6.371    2990.00   7.613
  3825.00   4.860    3545.00   5.507    3265.00   6.389    2985.00   7.640
  3820.00   4.870    3540.00   5.521    3260.00   6.408    2980.00   7.667
  3815.00   4.880    3535.00   5.534    3255.00   6.427    2975.00   7.694
  3810.00   4.890    3530.00   5.548    3250.00   6.445    2970.00   7.721
  3805.00   4.901    3525.00   5.561    3245.00   6.464    2965.00   7.749
  3800.00   4.911    3520.00   5.575    3240.00   6.483    2960.00   7.777
  3795.00   4.921    3515.00   5.589    3235.00   6.502    2955.00   7.805
  3790.00   4.931    3510.00   5.603    3230.00   6.522    2950.00   7.833
  3785.00   4.941    3505.00   5.617    3225.00   6.541    2945.00   7.861
  3780.00   4.952    3500.00   5.631    3220.00   6.561    2940.00   7.890
  3775.00   4.962    3495.00   5.645    3215.00   6.580    2935.00   7.919
  3770.00   4.973    3490.00   5.659    3210.00   6.600    2930.00   7.948
  3765.00   4.983    3485.00   5.673    3205.00   6.620    2925.00   7.977
  3760.00   4.994    3480.00   5.687    3200.00   6.640    2920.00   8.007
  3755.00   5.005    3475.00   5.702    3195.00   6.660    2915.00   8.037
  3750.00   5.015    3470.00   5.716    3190.00   6.680    2910.00   8.067
  3745.00   5.026    3465.00   5.731    3185.00   6.701    2905.00   8.097
  3740.00   5.037    3460.00   5.746    3180.00   6.721    2900.00   8.127
  3735.00   5.048    3455.00   5.760    3175.00   6.742    2895.00   8.158
  3730.00   5.059    3450.00   5.775    3170.00   6.763    2890.00   8.189
  3725.00   5.070    3445.00   5.790    3165.00   6.784    2885.00   8.220

  2880.00   8.252    2600.00  10.511    2320.00  14.422    2040.00  22.066
  2875.00   8.283    2595.00  10.563    2315.00  14.517    2035.00  22.262
  2870.00   8.315    2590.00  10.615    2310.00  14.612    2030.00  22.460
  2865.00   8.347    2585.00  10.668    2305.00  14.709    2025.00  22.661
  2860.00   8.380    2580.00  10.721    2300.00  14.807    2020.00  22.865
  2855.00   8.413    2575.00  10.775    2295.00  14.906    2015.00  23.072
  2850.00   8.446    2570.00  10.829    2290.00  15.006    2010.00  23.282
  2845.00   8.479    2565.00  10.884    2285.00  15.107    2005.00  23.495
  2840.00   8.512    2560.00  10.939    2280.00  15.210    2000.00  23.711
  2835.00   8.546    2555.00  10.995    2275.00  15.314    1995.00  23.930
  2830.00   8.580    2550.00  11.052    2270.00  15.419    1990.00  24.153
  2825.00   8.614    2545.00  11.109    2265.00  15.526    1985.00  24.378
  2820.00   8.649    2540.00  11.167    2260.00  15.633    1980.00  24.607
  2815.00   8.684    2535.00  11.225    2255.00  15.743    1975.00  24.840
  2810.00   8.719    2530.00  11.284    2250.00  15.853    1970.00  25.076
  2805.00   8.755    2525.00  11.343    2245.00  15.965    1965.00  25.315
  2800.00   8.790    2520.00  11.403    2240.00  16.078    1960.00  25.558
  2795.00   8.826    2515.00  11.464    2235.00  16.193    1955.00  25.804
  2790.00   8.863    2510.00  11.525    2230.00  16.309    1950.00  26.055
  2785.00   8.899    2505.00  11.587    2225.00  16.427    1945.00  26.309
  2780.00   8.936    2500.00  11.650    2220.00  16.546    1940.00  26.566
  2775.00   8.974    2495.00  11.713    2215.00  16.667    1935.00  26.828
  2770.00   9.011    2490.00  11.777    2210.00  16.789    1930.00  27.094
  2765.00   9.049    2485.00  11.841    2205.00  16.912    1925.00  27.363
  2760.00   9.088    2480.00  11.906    2200.00  17.038    1920.00  27.637
  2755.00   9.126    2475.00  11.972    2195.00  17.165    1915.00  27.915
  2750.00   9.165    2470.00  12.039    2190.00  17.293    1910.00  28.197
  2745.00   9.204    2465.00  12.106    2185.00  17.424    1905.00  28.484
  2740.00   9.244    2460.00  12.174    2180.00  17.556    1900.00  28.775
  2735.00   9.284    2455.00  12.243    2175.00  17.689    1895.00  29.070
  2730.00   9.324    2450.00  12.313    2170.00  17.825    1890.00  29.370
  2725.00   9.365    2445.00  12.383    2165.00  17.962    1885.00  29.675
  2720.00   9.406    2440.00  12.454    2160.00  18.101    1880.00  29.984
  2715.00   9.447    2435.00  12.526    2155.00  18.242    1875.00  30.298
  2710.00   9.489    2430.00  12.599    2150.00  18.385    1870.00  30.618
  2705.00   9.531    2425.00  12.672    2145.00  18.529    1865.00  30.942
  2700.00   9.574    2420.00  12.746    2140.00  18.676    1860.00  31.271
  2695.00   9.617    2415.00  12.822    2135.00  18.824    1855.00  31.606
  2690.00   9.660    2410.00  12.897    2130.00  18.975    1850.00  31.945
  2685.00   9.703    2405.00  12.974    2125.00  19.127    1845.00  32.291
  2680.00   9.748    2400.00  13.052    2120.00  19.282    1840.00  32.641
  2675.00   9.792    2395.00  13.130    2115.00  19.439    1835.00  32.997
  2670.00   9.837    2390.00  13.210    2110.00  19.597    1830.00  33.359
  2665.00   9.882    2385.00  13.290    2105.00  19.758    1825.00  33.727
  2660.00   9.928    2380.00  13.371    2100.00  19.922    1820.00  34.101
  2655.00   9.974    2375.00  13.453    2095.00  20.087    1815.00  34.481
  2650.00  10.021    2370.00  13.536    2090.00  20.255    1810.00  34.867
  2645.00  10.068    2365.00  13.620    2085.00  20.425    1805.00  35.259
  2640.00  10.115    2360.00  13.705    2080.00  20.597    1800.00  35.657
  2635.00  10.163    2355.00  13.791    2075.00  20.772    1795.00  36.062
  2630.00  10.211    2350.00  13.878    2070.00  20.949    1790.00  36.474
  2625.00  10.260    2345.00  13.966    2065.00  21.129    1785.00  36.892
  2620.00  10.309    2340.00  14.055    2060.00  21.311    1780.00  37.318
  2615.00  10.359    2335.00  14.145    2055.00  21.496    1775.00  37.750
  2610.00  10.409    2330.00  14.237    2050.00  21.683    1770.00  38.189
  2605.00  10.460    2325.00  14.329    2045.00  21.873    1765.00  38.636

  1760.00  39.090    1480.00  82.663    1200.00  214.853
  1755.00  39.552    1475.00  83.924    1195.00  219.029
  1750.00  40.022    1470.00  85.209    1190.00  223.306
  1745.00  40.499    1465.00  86.520    1185.00  227.687
  1740.00  40.985    1460.00  87.857    1180.00  232.174
  1735.00  41.478    1455.00  89.220    1175.00  236.771
  1730.00  41.980    1450.00  90.610    1170.00  241.481
  1725.00  42.491    1445.00  92.029    1165.00  246.307
  1720.00  43.010    1440.00  93.475    1160.00  251.253
  1715.00  43.538    1435.00  94.950    1155.00  256.322
  1710.00  44.075    1430.00  96.456    1150.00  261.518
  1705.00  44.621    1425.00  97.991    1145.00  266.845
  1700.00  45.177    1420.00  99.558    1140.00  272.306
  1695.00  45.742    1415.00  101.157    1135.00  277.906
  1690.00  46.317    1410.00  102.788    1130.00  283.649
  1685.00  46.902    1405.00  104.452    1125.00  289.540
  1680.00  47.498    1400.00  106.151    1120.00  295.582
  1675.00  48.103    1395.00  107.885    1115.00  301.782
  1670.00  48.719    1390.00  109.655    1110.00  308.143
  1665.00  49.346    1385.00  111.461    1105.00  314.670
  1660.00  49.984    1380.00  113.305    1100.00  321.370
  1655.00  50.634    1375.00  115.187    1095.00  328.247
  1650.00  51.294    1370.00  117.109    1090.00  335.308
  1645.00  51.967    1365.00  119.072    1085.00  342.557
  1640.00  52.651    1360.00  121.075    1080.00  350.002
  1635.00  53.348    1355.00  123.121    1075.00  357.649
  1630.00  54.057    1350.00  125.211    1070.00  365.504
  1625.00  54.779    1345.00  127.345
  1620.00  55.514    1340.00  129.525
  1615.00  56.262    1335.00  131.752
  1610.00  57.023    1330.00  134.026
  1605.00  57.799    1325.00  136.350
  1600.00  58.588    1320.00  138.724
  1595.00  59.392    1315.00  141.150
  1590.00  60.211    1310.00  143.629
  1585.00  61.045    1305.00  146.163
  1580.00  61.894    1300.00  148.752
  1575.00  62.758    1295.00  151.399
  1570.00  63.639    1290.00  154.104
  1565.00  64.536    1285.00  156.870
  1560.00  65.450    1280.00  159.697
  1555.00  66.380    1275.00  162.588
  1550.00  67.329    1270.00  165.544
  1545.00  68.295    1265.00  168.567
  1540.00  69.279    1260.00  171.659
  1535.00  70.282    1255.00  174.821
  1530.00  71.303    1250.00  178.056
  1525.00  72.345    1245.00  181.365
  1520.00  73.406    1240.00  184.751
  1515.00  74.487    1235.00  188.215
  1510.00  75.589    1230.00  191.760
  1505.00  76.712    1225.00  195.388
  1500.00  77.857    1220.00  199.100
  1495.00  79.024    1215.00  202.901
  1490.00  80.214    1210.00  206.792
  1485.00  81.427    1205.00  210.775